image: /home/francis/catkin_ws_ex1/src/exercise3/mymap.pgm
resolution: 0.050000
origin: [-100.000000, -100.000000, 0.000000]
negate: 0
occupied_thresh: 0.65
free_thresh: 0.196

